Case #1: 1 0 0 0 1
Case #2: 0 0 0
Case #3: 1 0 0 2 1 0 0 0 1 1 2 1 2 1 2 2 2
Case #4: 0 0 1 1 2 0 2 1 3 0 3 2 2 3 2 1 1 0 2 0
Case #5: 0 0 1 0 0 1 0 0 1 0 1 1 0 1 0 2 1 0 1
Case #6: 3 2 1 4 4 0 1 0 4 4 5 0 5 2 2 5
Case #7: 1 2 3 0 4 5 0 4 0
Case #8: 0 1 2 0 0 2 1 1 0 3 0 0 1 1 1 1 1 0 0 1 1 2 1 2 2 3 2 4 1
Case #9: 0 0 1 0
Case #10: 0 0 0 1
Case #11: 1 0 2 3 0 3 2 1 4 0 4 2 2 2 4 3 1
Case #12: 0 1 1 0 0 1 0 1 1
Case #13: 0 0 0 1 1 1 2 1 2 1 3 1 1 1 3
Case #14: 0 1 1 2 3 2 0 3 2 3 2 4 3 3 0 3 4 3 2 0 3 0 2 4 4 1 4 4
Case #15: 0 0 1 2 0 2 1 1 2 2 2 2 0 1 1 3 2 1 3 3 1 1 0 3 2 3 4 2
Case #16: 0 1 2 1 0 0 0 1 1 1 1 0 0
Case #17: 3 2 3 1 0 4 4 0 1 5 0 2 0 2 4 2 5 3 0 2 5 6 1 3 7 3
Case #18: 0 0 0 1 0 1 1 2 1 2
Case #19: 1 0 0 1 0 1 0 2 1 0 1 2 1 2 2 0 2 3 0 2 1 1
Case #20: 2 1 0 0 1 0 2 2 1 3 3 2 1 1 2 3 4 4 3 4 1 0 3 1 5 2 1 2 1
Case #21: 1 0 2 3 3 0 0 4
Case #22: 1 0 0 0 1 2 1 2 1
Case #23: 1 0 0 2 0 1 2 2 1 0 1 2 0 2 3 0 1 2 3 0 3
Case #24: 0 0 0 0 1 0 0 1 0 1 2 2 1 2 2 1 0
Case #25: 0 0 0 0 1 1 1 0 1 1 0 2 0 2 0
Case #26: 1 2 3 4 0 0 0 0 5 1 1 1 4 1 6 5 6
Case #27: 0 1 0 1 0 2 1 2 1 1 2 1 3 2 1 1
Case #28: 0 0 0 0 1 1 0
Case #29: 1 0 0 0 0 0 2 1 1
Case #30: 1 2 2 0 1 2 3 3 1 2 4 2 0 3 4 2 0 4 4 2 3 5 3 4 0 3 4 1 2 4
Case #31: 0 0 1 0 1 1 0 2 0 1 1 0 2 2 3 0
Case #32: 0 1 0 0 0 1 1 1 1 2 2 1 2 1 2 2 2 2 2
Case #33: 0 0 1 0
Case #34: 0 1 0 0 0 1 1 1 1 1 1 1 2 1 2
Case #35: 1 0 0 0 0 1 2 0 2 1 0 1 1 1 2
Case #36: 0 0 1 0 1 1 0 0 1 0 1 1 1 2 1 2 1 3 3
Case #37: 0 0 1 0 1 2 1 2 3 0 3 2 2 3 2 2 3 2 3
Case #38: 1 0 1 0 0 1
Case #39: 0 1 1 0 2 1 1 1 2 2 2 2 2 2 3 1 2 0 3 2 2 2 2 1 3 3 0 2 3
Case #40: 0 0 1 1 1 1 2 1 2 0 1 2 2 2 2 3 3 2 2 3 1 1 3 4 2
Case #41: 1 2 0 0 1 0 0 0 2 1 0 0 3 3 4 1 2 3 1 2 4 2
Case #42: 0 0 1 0 0 0 0 1 1 1 2 2 2 1 1 0 2 2 1 3 1 2 1
Case #43: 5 4 3 2 4 1 2 4 0 3 1 0 2 6 4 0 0 5 4 0
Case #44: 0 0 0 1 1 2 2
Case #45: 0 0 1 0 0 0 1 2 0 0 1 1 1 1 2 0 2 1 3 1 1 2 4 2 0 0 2 2
Case #46: 1 0 2 1 0 2 0 1 2 3 3 2 4 4 3
Case #47: 27 26 25 24 23 22 21 20 19 18 17 16 15 14 13 12 11 10 9 8 7 6 5 4 3 2 1 0 0 0
Case #48: 1 0 0 2 2 1 3 0 3
Case #49: 0 0 1 0 0 2 1 2 3 4 1
Case #50: 0 0 0 1
Case #51: 0 0 1 1 2 0 1 1 3
Case #52: 2 1 0 0 1 1 2 2 1 3 2 2 4 2 4 2 3 5 3 4 0 3 2 4 3 3 4 4 4 5
Case #53: 2 1 2 0 3 0 1 2 3 3 4 1 4 2 3 5 0 3 2 1 2 3 3 6 4 3 3 2 3
Case #54: 1 0 0 2 0 2 1 3 1 1 0 0
Case #55: 0 1 0 1 1 1 2 1 2 1 2 3 2 1 2 1 3 2 3 3 3 1 3 0
Case #56: 1 0 0 0 0 1 1 2 1 1 2 2 1 1 2 3
Case #57: 0 1 0 0 1 1 0 1 2 1 0 0 3 3 0
Case #58: 0 0 0 0
Case #59: 2 1 0 0 1 1 2 3 0 2 1 1 3 2 2 0 0 3 2 0 1 3 2
Case #60: 0 0 0 1 2 0 1 2 0 1 1 1 1 1 2 0 2 1 2 0
Case #61: 0 1 0 1 2 0 0 0
Case #62: 0 0 0 1 1 1 2 2 2
Case #63: 0 0 0 1 2 0 0
Case #64: 1 0 0 0 0 1 0
Case #65: 0 0 0 0 1 1 1
Case #66: 1 0 0 0 0 1 1
Case #67: 1 2 3 3 0 3 4 5 4 4 4 0 0 1 0 1 5 3 5 4 1 2 2 1 4 5
Case #68: 0 0 1 0 2 1 0 1 1 3 2 2 0 1 2 3 2 0 1 1 2 3 1 2 2 2 3 2 2
Case #69: 0 1 2 3 0 4 0 0 3 0 4 1 4 3 2 5 5 4 5 0 6 2 2 3 1
Case #70: 1 2 0 0 0 1 1 2 2 3 1 3 4 0 5 3 3 4 4 3 2 5 2 6 4 5 5 1 0 3
Case #71: 0 0 0 0 0 0 1 1 1 2 1 1 2 2
Case #72: 0 0 0 0 1 2 2 0 1 1 1 2 0 3 1 3 2 4 4 5 2 3 3 1
Case #73: 0 0 1 0 1 1 1 0 1 2 1 0 2 0 2 2 3 0 0 1 0 2 3
Case #74: 0 0 0 1 1 1 1 1 1 2 2 3 0 4 3
Case #75: 0 0 0 1 2 3 4 5 6 7 8 9 10 11 12 13 14 15 16 17 18 19 20 21 22 23 24 25 26 27
Case #76: 0 0 1 0 0 0 1 0 1 2 2 3 2 4 2 2 1 3
Case #77: 1 0 0 0 0 1 2 1 1 0 1 0 0 2 1 2 2 3 2 3 2 3 1 3 3 4 4 0 1 2
Case #78: 0 0 1 0 0
Case #79: 1 0 0 1 1 0 0 0 0 1 2 1 1 2 1 2 2 1 1 1 1 1 1 2
Case #80: 0 1 0 0 2 1
Case #81: 0 0 0 1 2 0 1 0 0
Case #82: 0 0 0 0 1 0 0 2 1 1 2 0
Case #83: 3 2 1 0 2 4 0 5 1 0 0 6 3 7 4 3 4 7 0 3 4 5 1 1 2 6
Case #84: 0 0 1 1 1 0 0 0 1
Case #85: 0 0 0 1 1 0 1 2 2 1 0 2 1 1 1 1 2 2 2 3 2 1 2 3 3 3
Case #86: 1 0 0 0 2 1 0 2
Case #87: 2 1 3 0 0 2 4 2 1 0 3 0 2 1 2 4 5 4 5 2 0 0 3 3 1 2 1 5 4 6
Case #88: 1 0 0 0 1
Case #89: 0 0 1 1 0
Case #90: 0 0 1 1 1 1 1 0 1 2 2 2 2 2 3 4 5 3 2 0 0 1 3 2 2
Case #91: 1 0 2 0 1 1 3 2 4 0 1 0 2
Case #92: 1 0 2 0 0 0 1 1 2 2 3 1 2 3 1 1 2 3 2
Case #93: 2 1 0 0 0 2 1 1
Case #94: 0 0 1 0 0 2 1 1 2 2 0 2 2 1 1 3 3 1 1 1 3 4 2 1
Case #95: 1 0 1 0 1 2 1 0 2 1 3 2 2 2 0 2 0
Case #96: 0 0 1 0 1 0 1 2 3 1 4 3
Case #97: 0 0 0 0 0 0 0 0 0 0 0 0 0 0 0 0 0 0 0 0 0 0 0 0 0 0 0 0 0 0
Case #98: 0 0 1 1 0 1 2 2 2 3 0 3 0 4 1 2 5 2 1 2 1 1 3 3
Case #99: 0 1 1 2 0 0 3 0 1
Case #100: 1 2 0 0 1 3 4 0 2 1 1 2 1 1 3 2 2 0 3 2 4 2
