100
5
1 2
2 3
2 4
3 4
3 5
3
1 2
1 3
2 3
17
1 2
1 4
1 11
1 15
1 16
1 17
2 3
2 7
2 10
3 5
3 6
5 13
6 8
7 8
7 9
7 12
8 14
20
1 2
1 3
1 6
2 4
2 20
3 12
3 15
3 19
4 5
4 7
4 13
6 8
6 10
6 17
7 9
7 11
7 14
10 16
10 18
18 20
19
1 2
1 6
1 10
2 3
2 4
2 14
4 5
5 7
5 11
6 16
7 8
7 12
7 19
8 9
8 13
10 18
13 15
13 17
15 18
16
1 2
1 4
1 5
1 9
1 10
2 3
3 6
4 16
6 7
6 8
6 12
7 14
7 15
8 12
9 11
10 13
9
1 2
1 4
2 3
3 5
3 8
4 7
4 9
5 6
7 9
29
1 2
1 4
1 7
1 8
1 9
1 14
2 3
2 6
4 5
4 15
4 16
5 11
5 13
5 17
6 10
6 26
9 12
9 20
10 28
11 18
12 19
13 27
16 22
18 19
19 21
19 23
19 29
23 24
23 25
4
1 2
1 3
1 4
2 4
4
1 2
1 3
2 3
2 4
17
1 2
1 3
1 7
1 12
1 13
2 5
2 10
2 17
3 4
3 6
4 9
4 11
5 8
5 10
6 15
8 14
14 16
9
1 2
1 3
1 4
1 7
4 5
4 6
4 9
5 7
7 8
15
1 2
1 3
2 3
2 5
2 6
2 8
2 12
2 13
3 4
3 10
3 14
4 7
7 15
8 9
9 11
28
1 2
1 3
1 7
1 15
2 6
2 11
2 23
3 4
3 9
3 19
4 5
4 8
4 10
4 21
5 12
5 17
7 22
8 27
8 28
9 13
9 14
9 18
11 16
13 25
15 20
16 24
20 22
20 26
28
1 2
1 3
1 13
1 18
2 5
2 7
2 8
3 4
3 6
3 12
5 23
7 9
7 17
7 25
8 10
8 11
9 16
11 24
12 20
13 14
13 15
13 21
13 22
13 23
14 28
17 19
19 27
25 26
13
1 2
1 4
1 5
1 7
1 10
2 3
5 6
5 8
5 11
6 9
6 13
7 12
12 13
26
1 2
1 6
2 3
2 4
2 18
3 7
3 15
4 5
4 14
4 20
5 8
5 13
6 21
7 10
8 9
8 11
9 12
9 16
11 19
12 24
12 26
13 19
15 17
17 22
19 23
22 25
10
1 2
1 3
1 7
1 9
2 4
2 5
3 5
4 8
5 6
9 10
22
1 2
1 12
2 3
2 4
2 5
3 6
3 9
3 13
3 16
4 8
4 14
5 7
7 10
7 11
7 21
8 18
9 20
10 19
13 15
13 17
16 19
16 22
29
1 2
1 10
1 16
1 19
2 3
2 7
2 8
2 12
2 15
3 4
3 5
3 6
4 9
4 14
4 21
4 22
6 13
6 22
6 27
6 29
7 11
8 23
9 26
10 20
11 18
14 28
16 17
20 25
22 24
8
1 2
1 3
2 6
2 7
3 4
3 5
5 8
6 7
9
1 2
2 3
2 4
3 4
3 5
3 7
3 9
5 6
7 8
21
1 2
1 4
1 7
1 8
2 3
2 5
2 6
2 9
3 10
3 11
5 13
9 12
9 18
10 16
11 14
12 15
12 21
13 20
16 17
16 20
18 19
17
1 2
1 3
1 5
1 8
1 13
2 4
3 6
4 16
4 17
5 12
6 7
7 9
8 11
8 14
9 10
9 17
10 15
15
1 2
1 4
1 10
2 3
2 7
3 13
4 5
4 6
4 8
4 9
7 12
8 11
9 14
11 15
13 15
17
1 2
1 5
2 3
3 4
3 13
4 9
5 6
5 7
5 14
6 8
6 10
6 12
7 8
8 11
9 15
9 17
13 16
16
1 2
1 3
1 5
1 7
1 9
1 10
1 12
2 6
3 4
3 5
3 15
3 16
6 13
7 8
10 11
10 14
7
1 2
1 4
2 3
2 5
2 6
3 7
4 7
9
1 2
1 7
2 3
2 6
2 9
3 4
4 5
5 6
6 8
30
1 2
1 3
1 4
1 6
3 7
4 5
4 9
4 13
4 25
4 28
5 16
6 8
6 14
7 18
7 19
7 27
8 11
8 15
8 30
9 10
9 12
9 20
10 26
11 22
12 23
13 17
17 25
20 21
23 24
28 29
16
1 2
1 4
1 5
1 6
2 3
2 9
4 7
6 8
7 10
7 11
7 12
9 16
10 14
11 13
12 16
13 15
19
1 2
1 3
1 5
1 8
1 12
3 4
3 6
3 9
3 14
4 5
5 7
6 13
6 19
7 10
7 18
8 11
8 16
12 17
14 15
4
1 2
1 4
2 3
2 4
15
1 2
1 3
1 5
1 9
3 4
3 7
3 12
4 5
4 6
4 10
4 11
4 14
5 8
12 13
12 15
15
1 2
1 9
2 3
2 10
2 11
3 4
3 6
4 5
4 12
4 14
5 8
6 7
8 11
11 13
12 15
19
1 2
1 3
1 4
2 5
2 6
2 9
2 10
3 14
4 7
4 15
6 16
7 8
7 13
7 17
8 10
8 11
8 12
16 18
16 19
19
1 2
1 3
1 4
1 5
1 7
2 10
3 6
4 10
5 8
5 12
5 18
6 11
6 19
7 13
7 15
7 16
8 9
8 14
16 17
6
1 2
2 3
2 4
2 5
2 6
4 5
29
1 2
1 3
1 4
1 6
1 8
1 18
2 22
3 5
4 7
4 16
4 27
5 15
5 29
6 9
6 21
6 23
7 10
7 20
8 11
8 12
8 13
8 14
8 17
10 19
14 26
17 25
18 24
18 27
24 28
25
1 2
1 3
1 4
1 10
1 11
1 22
2 5
2 6
2 8
2 10
2 21
3 9
3 14
5 13
6 7
6 12
7 16
8 18
8 19
11 15
13 23
14 17
15 20
16 24
22 25
22
1 2
1 3
1 9
3 4
3 5
3 7
4 6
5 20
6 8
6 10
7 12
7 16
8 11
8 19
9 13
9 14
10 17
11 12
13 21
14 15
17 18
19 22
23
1 2
1 15
1 16
2 3
2 4
2 9
3 17
3 22
4 5
5 6
5 19
6 7
6 8
6 23
7 10
7 14
7 16
9 11
9 13
9 18
10 12
16 21
18 20
20
1 2
1 14
2 3
2 18
3 4
3 5
3 8
4 6
4 10
6 7
6 9
6 13
9 11
9 12
9 16
10 15
10 19
12 20
16 17
17 20
7
1 2
1 3
1 4
2 3
3 5
4 7
5 6
28
1 2
1 3
1 4
1 7
1 11
2 5
2 13
3 8
3 28
4 10
4 12
4 18
5 6
5 20
6 9
7 15
9 14
9 25
10 16
10 21
12 27
13 17
16 26
17 19
19 23
20 22
20 24
25 26
15
1 2
1 3
1 12
2 4
2 5
2 7
3 11
4 6
4 9
5 7
7 8
9 10
10 14
11 13
12 15
30
1 2
2 3
3 4
4 5
5 6
6 7
7 8
8 9
9 10
10 11
11 12
12 13
13 14
14 15
15 16
16 17
17 18
18 19
19 20
20 21
21 22
22 23
23 24
24 25
25 26
26 27
27 28
28 29
28 30
29 30
9
1 2
1 4
1 5
2 3
2 8
3 6
3 8
4 9
5 7
11
1 2
1 5
1 7
2 3
2 4
2 11
3 6
4 5
7 8
8 9
9 10
4
1 2
1 3
1 4
2 3
9
1 2
1 6
2 3
2 4
2 6
2 7
3 5
5 9
6 8
30
1 2
1 10
1 17
1 19
2 3
2 8
2 11
2 23
3 4
3 5
3 9
3 21
4 6
4 21
6 7
6 12
8 22
9 14
9 16
10 13
10 15
10 20
10 28
12 25
13 18
17 27
19 24
23 26
25 29
28 30
29
1 2
1 9
1 15
2 3
2 4
2 14
3 5
3 18
4 6
4 7
4 12
4 17
4 20
5 25
6 17
7 8
7 28
8 10
8 22
10 11
10 13
12 19
13 16
14 29
16 24
19 26
19 27
20 21
21 23
12
1 2
1 4
1 6
2 3
2 11
3 5
3 7
3 9
3 10
4 8
5 12
11 12
24
1 2
1 3
1 5
1 6
1 10
1 22
1 24
2 11
3 4
3 8
3 14
3 16
3 24
5 7
6 9
6 13
7 17
8 15
8 18
9 20
11 12
11 19
11 23
18 21
16
1 2
1 8
2 3
2 5
2 7
2 9
2 13
3 4
4 5
4 14
5 6
5 10
6 11
7 12
7 15
12 16
15
1 2
1 3
1 4
1 6
1 8
3 5
3 11
4 7
6 9
7 10
7 12
9 13
9 14
11 15
12 15
4
1 2
1 4
2 3
3 4
23
1 2
2 3
2 7
2 14
3 4
3 5
3 12
3 16
4 6
4 9
4 11
5 10
5 19
5 23
7 8
7 13
9 17
12 15
15 18
15 22
16 20
16 21
17 20
20
1 2
1 12
1 20
2 3
2 7
2 11
2 13
3 4
3 6
3 10
4 5
6 9
7 8
7 15
9 14
9 16
11 17
13 19
16 18
16 20
8
1 2
1 3
1 4
1 6
2 5
3 8
6 7
7 8
9
1 2
1 3
1 6
2 3
3 4
3 5
4 7
5 8
6 9
7
1 2
1 3
2 4
2 7
3 6
4 5
6 7
7
1 2
2 3
2 5
2 6
3 4
4 7
5 7
7
1 2
1 3
1 6
1 7
2 4
3 4
3 5
7
1 2
2 3
2 4
3 5
4 5
5 6
5 7
26
1 2
1 5
2 3
2 4
2 6
2 18
3 10
4 9
4 11
5 12
5 13
5 14
5 16
5 21
6 7
6 20
7 8
7 17
7 26
10 19
12 15
12 24
13 15
14 22
14 23
18 25
29
1 2
1 7
2 3
2 4
2 9
3 5
3 11
3 21
4 6
4 13
4 14
4 19
5 10
5 16
5 27
6 24
7 8
7 18
8 12
8 26
9 15
9 25
9 28
12 22
13 18
13 20
13 23
14 17
14 29
25
1 2
1 5
1 8
1 12
2 3
2 22
2 23
3 4
3 9
3 14
4 6
4 11
4 13
5 7
6 19
7 10
8 20
9 18
10 20
12 15
13 16
13 17
17 21
20 25
22 24
30
1 2
1 3
1 21
2 10
2 12
2 17
3 4
3 5
3 11
4 7
4 14
4 28
5 6
5 29
7 8
7 9
9 16
9 20
10 13
10 18
10 25
11 23
12 19
13 15
13 22
13 27
14 29
18 26
22 24
23 30
14
1 2
1 4
1 7
2 3
2 9
3 5
3 12
4 6
4 8
5 6
6 11
7 10
8 13
9 14
24
1 2
1 4
1 10
1 11
2 3
2 15
3 5
3 8
3 24
4 13
5 6
5 7
5 12
6 14
6 16
6 23
8 9
8 13
9 17
10 21
12 22
14 18
14 19
19 20
23
1 2
1 3
1 4
1 5
1 6
1 9
1 11
2 7
2 12
4 8
5 15
6 22
7 16
8 14
9 10
11 13
12 21
13 17
14 18
18 19
19 20
19 21
22 23
15
1 2
1 4
1 7
1 8
1 13
2 3
2 5
2 9
3 6
3 13
4 11
9 10
10 12
11 15
12 14
30
1 2
1 3
2 3
3 4
4 5
5 6
6 7
7 8
8 9
9 10
10 11
11 12
12 13
13 14
14 15
15 16
16 17
17 18
18 19
19 20
20 21
21 22
22 23
23 24
24 25
25 26
26 27
27 28
28 29
29 30
18
1 2
1 6
2 3
2 4
2 9
3 11
4 5
5 7
5 8
6 8
7 13
7 15
8 17
9 10
9 16
11 12
11 18
12 14
30
1 2
1 14
2 3
2 5
2 9
3 4
3 6
3 15
4 8
4 10
5 28
6 7
6 16
6 17
7 18
7 25
10 11
10 12
11 21
12 13
12 23
12 29
13 28
15 19
15 30
16 20
16 22
16 24
24 27
25 26
5
1 2
1 3
1 5
2 4
4 5
24
1 2
1 11
2 3
2 5
2 7
2 15
2 18
2 22
3 4
3 6
3 13
4 16
5 17
6 9
6 12
6 19
7 8
7 20
7 21
8 9
8 23
9 10
13 14
22 24
6
1 2
1 3
1 4
1 6
2 5
3 4
9
1 2
1 6
2 3
2 7
3 4
3 8
4 5
6 9
8 9
12
1 2
1 3
2 4
3 10
3 12
4 5
4 6
5 8
5 11
6 7
6 9
7 12
26
1 2
1 6
1 17
2 3
2 13
2 16
2 20
3 4
3 5
3 25
4 7
4 11
6 8
7 9
7 10
7 24
8 12
8 26
10 19
11 19
12 14
12 18
13 15
13 21
19 23
21 22
9
1 2
1 5
1 6
1 9
2 3
2 4
2 8
6 7
7 8
26
1 2
1 3
1 7
1 10
2 4
2 6
2 15
2 16
2 22
3 5
3 11
3 13
4 9
4 21
5 8
6 11
6 14
7 12
12 24
13 18
15 17
15 19
16 23
19 20
19 25
21 26
8
1 2
1 5
1 8
2 3
2 4
3 7
4 6
4 7
30
1 2
1 3
1 11
1 24
2 4
2 6
2 8
2 13
2 15
3 7
3 16
3 18
3 29
4 5
4 9
4 10
4 27
5 12
7 17
9 26
10 14
10 21
12 22
14 20
16 28
18 19
19 30
20 23
21 22
22 25
5
1 2
2 3
2 4
3 4
4 5
5
1 2
1 3
1 5
2 4
2 5
25
1 2
1 5
1 6
1 7
1 8
1 9
2 3
2 4
2 21
3 10
4 12
4 14
5 25
6 19
6 24
8 20
9 11
9 13
12 18
12 23
13 15
15 16
16 17
20 21
21 22
13
1 2
1 3
2 4
2 12
3 7
4 5
4 6
4 10
6 8
6 13
7 9
10 11
10 12
19
1 2
1 3
1 10
2 4
2 6
2 8
2 15
3 14
4 5
5 6
5 16
6 7
6 12
7 13
7 17
7 19
8 9
9 18
10 11
8
1 2
2 3
2 6
3 4
3 5
4 5
4 7
5 8
24
1 2
1 5
1 7
1 14
1 18
1 20
2 3
2 4
3 6
3 10
4 8
4 11
5 11
5 15
5 19
5 24
7 13
8 9
8 12
9 16
12 17
12 21
14 23
16 22
17
1 2
1 14
1 16
2 3
2 4
2 5
2 8
2 10
3 12
4 7
4 15
5 6
5 9
8 17
9 11
10 13
15 17
12
1 2
1 5
1 6
1 10
2 3
2 4
3 8
4 6
4 7
8 9
8 12
9 11
30
1 2
1 30
2 3
3 4
4 5
5 6
6 7
7 8
8 9
9 10
10 11
11 12
12 13
13 14
14 15
15 16
16 17
17 18
18 19
19 20
20 21
21 22
22 23
23 24
24 25
25 26
26 27
27 28
28 29
29 30
24
1 2
1 11
1 21
2 3
2 4
2 5
2 6
2 19
3 9
3 16
4 8
5 13
5 22
6 7
6 18
7 10
7 12
10 14
11 13
13 15
14 17
18 24
19 20
20 23
9
1 2
1 3
1 5
1 6
2 4
4 7
5 8
6 8
6 9
22
1 2
1 3
1 12
2 6
3 4
3 5
3 10
3 18
4 8
4 11
4 13
4 14
5 9
5 20
6 7
6 21
8 18
9 19
10 16
10 17
10 22
12 15
