63
64
70
72
75
80
81
84
90
96
98
100
105
108
112
120
125
126
128
135
140
144
147
150
160
162
168
175
180
189
192
196
200
210
216
224
225
240
243
245
250
252
256
270
280
288
294
300
315
320
324
336
343
350
360
375
378
384
392
400
405
420
432
441
448
450
480
486
490
499
500
503
504
509
512
521
523
525
540
541
547
557
560
563
567
569
571
576
577
587
588
593
599
600
601
607
613
617
619
625
630
631
640
641
643
647
648
653
659
661
672
673
674
675
677
683
686
691
694
698
700
701
706
709
718
719
720
727
729
733
734
735
739
743
746
750
751
753
756
757
758
761
766
768
769
771
773
778
784
787
789
794
796
797
800
802
807
809
810
811
813
818
821
823
827
829
831
835
838
839
840
842
843
844
849
853
857
859
862
863
864
865
866
875
877
878
879
881
882
883
886
887
889
892
894
895
896
898
900
904
905
906
907
908
909
911
914
916
917
919
921
922
926
927
929
932
933
934
937
939
941
942
944
945
947
951
953
955
956
958
959
960
963
964
965
967
970
971
972
973
974
977
978
980
981
982
983
985
991
993
