1000
75 122 101
1 62 57
159 171 171
77 112 105
182 183 183
48 125 82
132 139 136
53 61 57
38 88 75
119 197 164
193 193 193
138 162 144
10 108 99
50 168 108
83 85 84
102 152 138
173 184 173
86 109 105
185 195 186
171 196 184
168 172 171
52 152 53
116 168 120
55 187 184
185 199 186
196 199 199
145 179 165
143 188 175
197 200 200
90 148 139
128 165 147
3 121 110
6 53 48
8 9 8
76 97 87
13 161 81
106 184 136
13 34 16
84 167 122
46 198 160
26 172 84
59 110 82
180 195 183
116 144 133
112 151 136
199 200 200
18 193 42
199 200 200
141 149 146
137 189 181
124 138 125
120 182 137
129 158 147
12 182 132
86 93 88
168 182 173
178 192 191
105 164 133
8 160 26
129 156 145
92 169 155
67 73 68
194 200 200
85 153 149
22 87 47
28 63 34
171 190 183
132 189 171
176 199 192
99 115 108
23 135 42
27 167 112
26 165 32
70 136 96
26 59 59
59 97 90
66 183 101
154 181 164
145 171 160
4 107 79
20 60 43
34 137 90
184 197 193
4 88 26
102 185 104
62 79 74
78 120 91
95 192 113
175 183 177
82 96 85
176 191 178
178 194 182
97 126 104
50 151 108
151 200 169
98 136 99
115 131 125
69 150 69
124 162 137
120 184 138
89 162 118
189 197 190
8 190 39
112 171 166
163 167 163
150 193 180
58 74 62
65 103 81
159 194 162
63 66 66
2 134 117
197 200 199
26 165 77
111 136 129
147 191 191
167 197 196
54 77 68
6 84 76
8 89 86
65 78 78
40 55 54
30 185 176
182 194 194
93 180 152
153 159 159
183 192 183
117 124 124
75 173 140
185 186 186
61 84 75
164 175 165
163 192 171
60 123 101
92 151 127
76 149 137
89 133 99
102 150 106
17 173 77
22 155 38
185 200 189
1 124 28
147 196 174
179 189 186
27 138 136
103 163 125
41 174 98
146 193 181
131 161 147
121 169 144
101 131 126
38 171 109
73 131 98
143 188 185
32 161 37
197 200 197
124 178 139
86 113 87
190 199 198
188 191 188
42 173 173
74 152 87
69 97 75
155 185 185
119 195 169
126 171 152
75 168 167
38 47 45
1 122 69
12 66 65
174 190 185
183 187 184
71 193 135
135 199 144
164 172 169
12 56 43
72 155 97
88 90 88
171 176 172
72 194 136
142 154 143
6 116 33
101 197 152
85 193 100
2 191 169
31 81 37
55 189 83
196 197 197
194 197 194
196 199 199
151 175 172
15 61 20
114 147 127
183 187 187
45 95 92
179 180 179
105 186 114
101 165 118
177 196 193
13 48 40
19 54 24
16 78 47
179 199 198
115 194 181
88 113 93
128 139 134
107 173 163
164 170 170
167 180 171
103 193 154
95 175 103
76 150 97
79 144 91
180 181 181
82 181 168
168 198 179
119 134 121
27 68 42
75 167 108
42 143 104
132 179 140
100 194 155
46 125 96
115 115 115
123 196 158
194 195 195
18 148 83
171 187 174
127 198 187
162 186 170
143 172 149
123 174 168
100 168 153
67 117 69
22 137 120
96 173 119
24 102 27
21 116 62
176 189 188
101 163 106
77 177 84
91 162 117
30 150 147
101 158 107
156 195 190
13 77 51
160 175 171
28 162 67
152 167 161
162 198 173
94 122 121
146 151 151
180 184 182
55 185 95
129 198 138
133 187 166
71 150 96
189 197 190
110 196 112
62 174 107
87 191 87
32 56 39
78 82 78
37 112 101
67 124 85
40 139 105
66 91 83
181 182 181
90 175 105
39 122 95
92 153 98
99 136 131
123 157 128
173 181 180
195 198 196
36 163 99
18 116 49
44 68 63
136 184 153
22 100 95
113 149 144
140 175 140
139 158 158
122 128 127
16 141 58
17 120 66
18 51 49
154 167 158
62 169 158
144 144 144
58 101 86
174 183 177
90 161 103
141 193 174
164 172 165
191 199 196
57 165 86
183 184 184
40 153 43
100 178 121
5 52 18
50 128 95
107 154 123
106 167 115
145 156 152
128 186 161
27 145 57
79 124 117
103 142 126
130 155 143
64 148 65
55 92 77
63 155 119
81 113 112
141 147 147
194 196 194
149 153 153
130 176 137
88 187 153
108 172 137
28 138 99
129 180 142
91 155 118
176 176 176
33 92 70
78 127 99
54 195 164
193 193 193
42 169 73
57 95 59
156 170 159
199 199 199
6 65 48
172 200 190
70 110 80
179 200 190
82 95 84
84 100 95
84 187 176
90 151 107
15 94 88
129 157 136
91 122 103
182 192 190
190 193 190
27 182 45
157 183 183
18 168 69
94 166 143
59 186 142
49 105 66
167 196 175
37 153 76
50 96 96
92 192 96
86 157 87
191 197 191
41 194 194
184 190 184
178 188 188
114 115 114
189 189 189
72 100 85
132 143 142
169 185 183
75 151 129
58 152 114
52 156 75
52 100 71
130 197 157
19 92 24
26 200 60
180 193 191
175 198 186
158 195 163
179 194 191
181 193 185
102 170 167
12 29 18
182 183 183
62 159 121
170 183 178
174 181 181
32 190 59
32 74 61
198 199 198
50 61 54
100 173 124
108 189 109
76 189 183
43 112 55
147 195 166
108 140 136
60 142 60
72 175 101
110 126 123
34 81 59
122 127 124
127 170 134
36 36 36
15 139 61
15 153 59
29 160 60
29 90 55
52 133 114
161 194 176
74 183 98
70 89 86
15 92 37
146 190 168
138 176 145
64 84 75
63 147 141
176 192 192
169 200 191
73 141 94
159 179 164
175 185 183
121 164 160
162 163 162
45 167 161
89 167 105
35 188 83
137 142 141
128 176 138
22 79 74
192 199 196
104 119 116
78 145 136
168 188 170
144 168 158
191 195 191
59 144 62
191 200 196
165 181 174
144 187 164
72 140 75
34 49 45
91 122 94
6 13 6
95 191 186
133 182 153
127 168 165
111 137 132
128 144 140
107 166 135
169 184 182
176 184 180
133 142 139
126 156 155
89 113 102
95 195 170
198 200 200
182 189 187
137 170 164
151 156 154
5 86 11
46 92 73
2 52 42
116 138 130
190 192 190
131 170 151
34 151 83
20 106 66
48 83 69
102 115 107
145 181 165
122 200 158
105 162 137
183 196 185
84 119 112
110 177 123
56 73 57
48 184 67
88 151 119
68 177 115
162 185 182
150 190 182
172 187 183
53 61 61
118 142 138
187 195 188
58 187 89
169 184 183
162 169 163
39 112 75
63 81 73
75 144 89
183 191 183
71 111 108
189 196 196
159 169 159
163 196 188
38 145 103
60 117 82
51 79 77
24 153 32
82 199 134
166 173 173
144 190 185
159 200 187
173 198 173
36 89 50
166 178 168
11 115 57
5 173 162
42 63 63
189 199 194
37 194 168
63 153 124
148 156 154
29 134 112
59 154 145
51 71 69
148 196 153
69 152 118
142 167 150
153 174 160
130 193 130
95 160 160
168 182 180
87 164 158
36 108 100
184 198 184
92 95 94
184 198 192
175 176 175
160 183 175
160 179 161
137 177 176
176 177 176
168 200 182
166 191 179
193 194 194
79 177 102
141 169 143
140 158 155
17 34 30
26 156 70
142 181 152
93 119 96
12 53 17
1 137 14
110 148 129
71 106 96
75 118 75
168 171 170
194 199 198
144 189 146
128 187 131
144 189 188
195 195 195
184 195 191
9 115 25
100 184 157
112 196 123
141 150 143
139 161 142
198 198 198
60 79 60
26 143 84
72 102 99
117 192 160
159 189 172
109 180 117
101 165 139
169 185 175
169 198 190
67 123 110
24 119 33
77 91 87
86 109 100
162 170 162
97 164 136
25 173 156
39 57 56
167 177 170
45 47 46
94 163 117
167 189 167
153 188 179
39 172 121
128 180 152
188 197 194
67 175 75
152 163 153
22 56 26
191 192 191
62 121 110
196 197 196
108 171 125
13 196 64
193 194 193
76 100 96
142 151 144
17 97 41
90 113 107
89 194 89
66 112 98
62 92 64
78 96 83
188 192 192
129 179 136
65 182 154
182 195 189
163 173 164
120 136 122
89 134 109
108 116 116
90 137 129
67 79 72
60 111 78
96 186 150
76 164 101
69 100 96
60 157 134
118 133 122
172 176 174
166 190 179
72 76 73
145 179 175
150 188 183
86 146 114
92 115 113
156 200 176
88 131 99
72 148 75
193 197 196
35 179 91
126 184 154
127 168 153
154 198 193
50 200 60
28 85 35
119 177 161
88 108 107
172 178 177
55 125 84
69 76 76
70 182 126
169 179 172
9 84 54
65 69 68
8 13 11
167 192 190
132 160 152
81 179 139
177 199 184
193 195 195
89 138 108
160 172 170
138 183 148
190 192 191
135 143 141
9 119 83
74 135 114
38 104 89
130 168 152
153 166 161
11 20 11
193 195 194
60 125 118
35 177 35
199 199 199
76 80 79
61 72 67
52 91 55
72 120 78
73 184 115
112 124 124
175 182 176
26 136 30
1 175 29
5 38 16
111 153 144
65 66 66
16 125 31
67 182 93
54 114 96
188 200 191
31 175 38
81 136 117
134 172 159
56 108 69
7 15 9
100 199 161
11 99 17
122 128 126
138 140 138
40 143 130
42 126 113
8 181 150
181 199 187
177 180 178
196 200 200
137 157 142
191 191 191
152 183 152
137 174 174
161 176 170
167 184 184
110 189 139
39 137 123
46 86 69
164 185 176
64 118 79
122 175 126
59 111 83
56 191 93
174 193 185
116 190 178
118 134 121
123 138 135
61 94 72
33 104 45
155 163 160
189 189 189
160 189 168
134 135 135
110 168 110
91 94 93
38 160 43
79 147 142
119 124 119
134 174 142
119 142 142
173 191 185
167 198 190
138 175 142
56 145 59
5 160 146
99 163 126
105 150 107
20 87 30
54 185 94
106 145 112
130 186 182
136 166 159
132 191 152
76 101 101
52 169 106
20 46 20
20 192 164
96 103 97
1 101 45
70 185 161
79 133 106
112 138 128
52 96 64
195 198 196
199 199 199
81 180 149
154 180 172
140 194 192
184 184 184
138 164 142
17 38 24
200 200 200
138 177 165
29 66 66
128 172 170
184 187 185
65 66 66
170 195 176
186 193 191
118 172 142
13 92 41
7 22 20
173 187 187
143 186 170
197 197 197
157 172 166
109 161 134
77 96 79
175 178 176
17 113 40
118 190 175
8 9 8
181 192 181
87 187 143
169 195 181
24 105 69
17 39 36
44 126 105
125 177 150
16 152 44
179 200 192
173 181 173
12 199 170
110 126 120
18 74 48
119 131 126
7 160 111
49 71 58
169 198 170
121 181 162
142 153 146
157 157 157
153 157 155
153 175 159
73 151 73
164 174 164
85 86 85
196 199 198
78 191 166
71 184 104
121 140 123
19 78 77
43 188 58
6 183 104
81 82 82
141 171 162
80 165 135
73 133 133
189 200 195
13 46 43
92 131 128
45 177 75
56 196 118
35 97 96
188 188 188
105 108 106
154 194 182
163 172 168
18 135 108
59 188 150
131 183 172
90 102 99
22 98 66
143 198 147
180 192 190
50 143 64
198 198 198
46 142 68
112 176 118
149 168 155
4 7 7
122 158 144
200 200 200
71 164 72
89 119 97
44 71 60
108 165 125
195 200 198
25 62 62
15 120 107
174 182 181
175 190 187
174 181 174
14 30 17
160 180 163
90 152 123
178 198 180
101 143 118
105 178 157
169 193 184
77 157 155
116 150 116
108 117 113
119 185 134
144 187 148
22 84 27
130 150 149
76 95 78
116 151 150
67 121 107
32 59 55
52 152 152
167 170 167
55 95 63
70 178 153
122 143 141
110 177 156
86 136 86
98 199 100
22 102 39
184 188 184
150 164 155
25 167 156
100 120 104
196 200 199
142 179 151
186 186 186
105 152 127
49 142 53
97 200 155
110 130 129
61 119 115
142 149 142
140 190 143
96 179 101
7 96 95
51 73 66
95 96 95
46 153 84
57 139 131
27 84 60
24 32 30
129 146 131
1 82 4
157 169 167
50 109 105
142 180 159
105 149 133
47 185 117
171 198 171
34 52 44
103 164 120
22 114 92
189 195 189
193 197 197
76 101 91
36 131 40
27 192 60
32 48 34
43 83 68
112 153 143
96 97 96
114 182 118
1 29 13
143 173 158
189 189 189
172 176 176
86 183 143
41 155 131
14 102 65
138 186 148
80 187 127
124 154 133
119 124 122
167 197 184
180 188 185
182 195 191
104 165 143
194 195 195
42 131 51
181 197 194
42 165 149
126 162 135
118 141 138
74 87 86
171 183 175
19 94 21
77 120 107
35 158 42
91 173 117
140 177 149
47 190 92
74 116 83
99 125 111
166 198 175
150 185 171
192 194 193
32 138 104
20 46 24
40 122 76
7 175 20
73 152 139
189 197 193
95 139 129
155 198 164
188 191 191
21 24 22
37 168 147
19 185 37
98 111 106
99 103 100
123 139 124
11 72 11
177 195 184
101 112 101
79 156 142
116 161 154
184 193 185
168 195 187
85 101 87
188 193 188
49 104 49
145 164 157
61 131 73
198 199 198
2 126 97
49 183 122
43 170 130
92 168 155
89 185 164
4 200 25
14 172 163
194 198 196
191 196 196
44 180 145
77 157 112
136 151 144
5 122 89
159 192 161
122 161 132
111 199 112
109 192 183
167 187 178
69 89 80
3 163 6
